nan 0.000000000000000000e+00 nan 0.000000000000000000e+00
nan 3.052380952380952195e+01 0.000000000000000000e+00 0.000000000000000000e+00
nan 3.858333333333332860e+01 4.266666666666667140e+01 0.000000000000000000e+00
nan 0.000000000000000000e+00 1.666666666666666785e+01 nan
0.000000000000000000e+00 0.000000000000000000e+00 nan 5.083333333333332860e+01
2.566666666666666430e+01 0.000000000000000000e+00 5.083333333333332860e+01 5.622222222222222143e+01
4.600000000000000000e+01 5.002083333333333570e+01 4.329166666666667140e+01 3.866666666666666430e+01
1.666666666666666785e+01 3.950000000000000000e+01 0.000000000000000000e+00 nan
0.000000000000000000e+00 0.000000000000000000e+00 nan 4.800000000000000000e+01
3.866666666666666430e+01 0.000000000000000000e+00 4.800000000000000000e+01 0.000000000000000000e+00
4.780833333333333712e+01 4.106666666666666998e+01 3.977777777777777857e+01 3.970000000000000284e+01
2.633333333333333215e+01 3.416666666666667140e+01 4.196969696969696884e+01 nan
0.000000000000000000e+00 nan nan 0.000000000000000000e+00
3.700000000000000000e+01 nan 0.000000000000000000e+00 0.000000000000000000e+00
4.272222222222222143e+01 nan 3.700000000000000000e+01 4.016666666666666430e+01
4.016666666666666430e+01 nan 0.000000000000000000e+00 nan
