nan 0.000000000000000000e+00 nan 0.000000000000000000e+00
nan 3.052380952380952195e+01 0.000000000000000000e+00 0.000000000000000000e+00
nan 3.858333333333332860e+01 4.266666666666667140e+01 0.000000000000000000e+00
nan 0.000000000000000000e+00 1.666666666666666785e+01 nan
0.000000000000000000e+00 5.400000000000000000e+01 nan 5.083333333333332860e+01
2.566666666666666430e+01 0.000000000000000000e+00 5.273333333333333428e+01 5.000000000000000000e+01
4.600000000000000000e+01 4.888888888888889284e+01 4.497222222222222143e+01 3.625000000000000000e+01
1.666666666666666785e+01 3.600000000000000000e+01 0.000000000000000000e+00 nan
0.000000000000000000e+00 0.000000000000000000e+00 nan 5.266666666666666430e+01
4.138888888888888573e+01 0.000000000000000000e+00 5.050000000000000000e+01 0.000000000000000000e+00
4.751700680272109167e+01 4.077777777777778567e+01 4.366666666666666430e+01 4.030555555555555713e+01
3.066666666666666430e+01 4.000000000000000000e+01 4.171794871794871540e+01 nan
0.000000000000000000e+00 nan nan 0.000000000000000000e+00
3.700000000000000000e+01 nan 0.000000000000000000e+00 0.000000000000000000e+00
4.187500000000000000e+01 nan 3.700000000000000000e+01 4.016666666666666430e+01
4.400000000000000000e+01 nan 0.000000000000000000e+00 nan
