nan 0.000000000000000000e+00 nan 0.000000000000000000e+00
nan 2.433333333333333215e+01 0.000000000000000000e+00 0.000000000000000000e+00
nan 3.858333333333332860e+01 0.000000000000000000e+00 0.000000000000000000e+00
nan 0.000000000000000000e+00 1.666666666666666785e+01 nan
0.000000000000000000e+00 0.000000000000000000e+00 nan 0.000000000000000000e+00
2.433333333333333215e+01 0.000000000000000000e+00 0.000000000000000000e+00 0.000000000000000000e+00
3.858333333333332860e+01 4.566666666666666430e+01 2.766666666666666785e+01 1.666666666666666785e+01
1.666666666666666785e+01 2.633333333333333215e+01 0.000000000000000000e+00 nan
0.000000000000000000e+00 0.000000000000000000e+00 nan 0.000000000000000000e+00
3.633333333333332860e+01 0.000000000000000000e+00 0.000000000000000000e+00 0.000000000000000000e+00
3.944444444444444287e+01 3.700000000000000000e+01 3.566666666666667140e+01 4.033333333333333570e+01
2.633333333333333215e+01 3.500000000000000000e+01 4.211111111111111427e+01 nan
0.000000000000000000e+00 nan nan 0.000000000000000000e+00
3.700000000000000000e+01 nan 0.000000000000000000e+00 0.000000000000000000e+00
0.000000000000000000e+00 nan 3.700000000000000000e+01 0.000000000000000000e+00
0.000000000000000000e+00 nan 0.000000000000000000e+00 nan
