nan 0.000000000000000000e+00 nan 0.000000000000000000e+00
nan 2.566666666666666430e+01 0.000000000000000000e+00 0.000000000000000000e+00
nan 3.858333333333332860e+01 2.566666666666666785e+01 0.000000000000000000e+00
nan 0.000000000000000000e+00 1.666666666666666785e+01 nan
0.000000000000000000e+00 0.000000000000000000e+00 nan 5.083333333333332860e+01
2.566666666666666430e+01 0.000000000000000000e+00 5.083333333333332860e+01 0.000000000000000000e+00
4.161904761904762040e+01 5.007142857142857650e+01 3.955555555555555713e+01 3.866666666666666430e+01
1.666666666666666785e+01 3.950000000000000000e+01 0.000000000000000000e+00 nan
0.000000000000000000e+00 0.000000000000000000e+00 nan 4.800000000000000000e+01
3.866666666666666430e+01 0.000000000000000000e+00 4.800000000000000000e+01 0.000000000000000000e+00
4.740952380952381162e+01 4.244444444444444997e+01 3.977777777777777857e+01 3.807407407407407618e+01
2.633333333333333215e+01 3.416666666666667140e+01 4.207407407407407618e+01 nan
0.000000000000000000e+00 nan nan 0.000000000000000000e+00
3.700000000000000000e+01 nan 0.000000000000000000e+00 0.000000000000000000e+00
4.272222222222222143e+01 nan 3.700000000000000000e+01 5.166666666666666430e+01
5.166666666666666430e+01 nan 0.000000000000000000e+00 nan
