nan 0.000000000000000000e+00 nan 0.000000000000000000e+00
nan 3.052380952380952195e+01 0.000000000000000000e+00 0.000000000000000000e+00
nan 3.858333333333332860e+01 4.266666666666667140e+01 0.000000000000000000e+00
nan 0.000000000000000000e+00 1.666666666666666785e+01 nan
0.000000000000000000e+00 0.000000000000000000e+00 nan 5.083333333333332860e+01
2.566666666666666430e+01 0.000000000000000000e+00 5.083333333333332860e+01 5.000000000000000000e+01
4.600000000000000000e+01 4.900000000000000000e+01 4.196296296296296902e+01 3.625000000000000000e+01
1.666666666666666785e+01 3.600000000000000000e+01 0.000000000000000000e+00 nan
0.000000000000000000e+00 0.000000000000000000e+00 nan 4.800000000000000000e+01
3.866666666666666430e+01 0.000000000000000000e+00 4.900000000000000000e+01 0.000000000000000000e+00
4.717424242424242919e+01 4.077777777777778567e+01 4.366666666666666430e+01 4.078787878787878896e+01
2.633333333333333215e+01 4.000000000000000000e+01 4.171794871794871540e+01 nan
0.000000000000000000e+00 nan nan 0.000000000000000000e+00
3.700000000000000000e+01 nan 0.000000000000000000e+00 0.000000000000000000e+00
4.187500000000000000e+01 nan 3.700000000000000000e+01 4.016666666666666430e+01
4.400000000000000000e+01 nan 0.000000000000000000e+00 nan
