nan 0.000000000000000000e+00 nan 0.000000000000000000e+00
nan 2.566666666666666430e+01 0.000000000000000000e+00 0.000000000000000000e+00
nan 3.858333333333332860e+01 0.000000000000000000e+00 0.000000000000000000e+00
nan 0.000000000000000000e+00 1.666666666666666785e+01 nan
0.000000000000000000e+00 0.000000000000000000e+00 nan 5.200000000000000000e+01
2.566666666666666430e+01 0.000000000000000000e+00 5.200000000000000000e+01 0.000000000000000000e+00
3.858333333333332860e+01 4.987719298245614397e+01 3.753333333333333144e+01 3.866666666666666430e+01
1.666666666666666785e+01 3.950000000000000000e+01 0.000000000000000000e+00 nan
0.000000000000000000e+00 0.000000000000000000e+00 nan 4.800000000000000000e+01
3.866666666666666430e+01 0.000000000000000000e+00 4.800000000000000000e+01 0.000000000000000000e+00
4.621333333333333826e+01 4.052380952380952550e+01 3.977777777777777857e+01 3.633333333333333570e+01
2.633333333333333215e+01 3.416666666666667140e+01 3.928571428571428470e+01 nan
0.000000000000000000e+00 nan nan 0.000000000000000000e+00
3.700000000000000000e+01 nan 0.000000000000000000e+00 0.000000000000000000e+00
4.193333333333333002e+01 nan 3.700000000000000000e+01 0.000000000000000000e+00
0.000000000000000000e+00 nan 0.000000000000000000e+00 nan
