nan 0.000000000000000000e+00 nan 0.000000000000000000e+00
nan 2.433333333333333215e+01 0.000000000000000000e+00 0.000000000000000000e+00
nan 3.858333333333332860e+01 0.000000000000000000e+00 0.000000000000000000e+00
nan 0.000000000000000000e+00 1.666666666666666785e+01 nan
0.000000000000000000e+00 0.000000000000000000e+00 nan 0.000000000000000000e+00
2.433333333333333215e+01 0.000000000000000000e+00 0.000000000000000000e+00 0.000000000000000000e+00
3.858333333333332860e+01 5.009523809523809490e+01 2.766666666666666785e+01 3.166666666666666430e+01
1.666666666666666785e+01 2.633333333333333215e+01 0.000000000000000000e+00 nan
0.000000000000000000e+00 0.000000000000000000e+00 nan 0.000000000000000000e+00
3.633333333333332860e+01 0.000000000000000000e+00 0.000000000000000000e+00 0.000000000000000000e+00
4.503333333333333854e+01 4.022222222222222143e+01 3.566666666666667140e+01 3.840000000000000568e+01
2.633333333333333215e+01 3.500000000000000000e+01 3.925000000000000000e+01 nan
0.000000000000000000e+00 nan nan 0.000000000000000000e+00
3.700000000000000000e+01 nan 0.000000000000000000e+00 0.000000000000000000e+00
4.666666666666666430e+01 nan 3.700000000000000000e+01 0.000000000000000000e+00
0.000000000000000000e+00 nan 0.000000000000000000e+00 nan
