nan 0.000000000000000000e+00 nan 0.000000000000000000e+00
nan 2.483333333333333215e+01 0.000000000000000000e+00 0.000000000000000000e+00
nan 3.858333333333332860e+01 0.000000000000000000e+00 0.000000000000000000e+00
nan 0.000000000000000000e+00 1.666666666666666785e+01 nan
0.000000000000000000e+00 0.000000000000000000e+00 nan 0.000000000000000000e+00
2.483333333333333215e+01 0.000000000000000000e+00 0.000000000000000000e+00 0.000000000000000000e+00
3.858333333333332860e+01 5.048484848484847731e+01 2.700000000000000000e+01 3.166666666666666430e+01
1.666666666666666785e+01 2.633333333333333215e+01 0.000000000000000000e+00 nan
0.000000000000000000e+00 0.000000000000000000e+00 nan 0.000000000000000000e+00
3.633333333333332860e+01 0.000000000000000000e+00 0.000000000000000000e+00 0.000000000000000000e+00
4.542222222222223138e+01 4.279999999999999716e+01 3.566666666666667140e+01 3.840000000000000568e+01
2.633333333333333215e+01 3.500000000000000000e+01 3.925000000000000000e+01 nan
0.000000000000000000e+00 nan nan 0.000000000000000000e+00
3.700000000000000000e+01 nan 0.000000000000000000e+00 0.000000000000000000e+00
4.666666666666666430e+01 nan 3.700000000000000000e+01 0.000000000000000000e+00
0.000000000000000000e+00 nan 0.000000000000000000e+00 nan
