nan 0.000000000000000000e+00 nan 0.000000000000000000e+00
nan 0.000000000000000000e+00 0.000000000000000000e+00 0.000000000000000000e+00
nan 0.000000000000000000e+00 0.000000000000000000e+00 0.000000000000000000e+00
nan 0.000000000000000000e+00 0.000000000000000000e+00 nan
0.000000000000000000e+00 0.000000000000000000e+00 nan 0.000000000000000000e+00
0.000000000000000000e+00 0.000000000000000000e+00 0.000000000000000000e+00 0.000000000000000000e+00
0.000000000000000000e+00 0.000000000000000000e+00 0.000000000000000000e+00 0.000000000000000000e+00
0.000000000000000000e+00 0.000000000000000000e+00 0.000000000000000000e+00 nan
0.000000000000000000e+00 0.000000000000000000e+00 nan 0.000000000000000000e+00
0.000000000000000000e+00 0.000000000000000000e+00 0.000000000000000000e+00 0.000000000000000000e+00
4.316666666666666430e+01 0.000000000000000000e+00 0.000000000000000000e+00 5.100000000000000000e+01
0.000000000000000000e+00 0.000000000000000000e+00 0.000000000000000000e+00 nan
0.000000000000000000e+00 nan nan 0.000000000000000000e+00
0.000000000000000000e+00 nan 0.000000000000000000e+00 0.000000000000000000e+00
0.000000000000000000e+00 nan 0.000000000000000000e+00 0.000000000000000000e+00
0.000000000000000000e+00 nan 0.000000000000000000e+00 nan
nan 0.000000000000000000e+00 nan 0.000000000000000000e+00
nan 2.766666666666666785e+01 0.000000000000000000e+00 0.000000000000000000e+00
nan 4.588888888888888573e+01 0.000000000000000000e+00 0.000000000000000000e+00
nan 0.000000000000000000e+00 0.000000000000000000e+00 nan
0.000000000000000000e+00 0.000000000000000000e+00 nan 0.000000000000000000e+00
0.000000000000000000e+00 0.000000000000000000e+00 0.000000000000000000e+00 0.000000000000000000e+00
4.588888888888888573e+01 4.483333333333332860e+01 0.000000000000000000e+00 0.000000000000000000e+00
0.000000000000000000e+00 0.000000000000000000e+00 0.000000000000000000e+00 nan
0.000000000000000000e+00 0.000000000000000000e+00 nan 0.000000000000000000e+00
5.100000000000000000e+01 0.000000000000000000e+00 0.000000000000000000e+00 0.000000000000000000e+00
0.000000000000000000e+00 0.000000000000000000e+00 0.000000000000000000e+00 0.000000000000000000e+00
0.000000000000000000e+00 0.000000000000000000e+00 0.000000000000000000e+00 nan
0.000000000000000000e+00 nan nan 0.000000000000000000e+00
0.000000000000000000e+00 nan 0.000000000000000000e+00 0.000000000000000000e+00
0.000000000000000000e+00 nan 0.000000000000000000e+00 0.000000000000000000e+00
0.000000000000000000e+00 nan 0.000000000000000000e+00 nan
nan 0.000000000000000000e+00 nan 0.000000000000000000e+00
nan 0.000000000000000000e+00 0.000000000000000000e+00 0.000000000000000000e+00
nan 0.000000000000000000e+00 0.000000000000000000e+00 0.000000000000000000e+00
nan 0.000000000000000000e+00 0.000000000000000000e+00 nan
0.000000000000000000e+00 0.000000000000000000e+00 nan 0.000000000000000000e+00
0.000000000000000000e+00 0.000000000000000000e+00 0.000000000000000000e+00 0.000000000000000000e+00
5.500000000000000000e+01 0.000000000000000000e+00 2.766666666666666785e+01 0.000000000000000000e+00
0.000000000000000000e+00 0.000000000000000000e+00 0.000000000000000000e+00 nan
0.000000000000000000e+00 0.000000000000000000e+00 nan 0.000000000000000000e+00
0.000000000000000000e+00 0.000000000000000000e+00 0.000000000000000000e+00 0.000000000000000000e+00
4.483333333333332860e+01 0.000000000000000000e+00 0.000000000000000000e+00 3.500000000000000000e+01
0.000000000000000000e+00 0.000000000000000000e+00 0.000000000000000000e+00 nan
0.000000000000000000e+00 nan nan 0.000000000000000000e+00
5.100000000000000000e+01 nan 0.000000000000000000e+00 0.000000000000000000e+00
0.000000000000000000e+00 nan 0.000000000000000000e+00 0.000000000000000000e+00
0.000000000000000000e+00 nan 0.000000000000000000e+00 nan
nan 0.000000000000000000e+00 nan 0.000000000000000000e+00
nan 0.000000000000000000e+00 0.000000000000000000e+00 0.000000000000000000e+00
nan 0.000000000000000000e+00 0.000000000000000000e+00 0.000000000000000000e+00
nan 0.000000000000000000e+00 0.000000000000000000e+00 nan
0.000000000000000000e+00 0.000000000000000000e+00 nan 0.000000000000000000e+00
2.766666666666666785e+01 0.000000000000000000e+00 0.000000000000000000e+00 0.000000000000000000e+00
0.000000000000000000e+00 0.000000000000000000e+00 0.000000000000000000e+00 0.000000000000000000e+00
0.000000000000000000e+00 0.000000000000000000e+00 0.000000000000000000e+00 nan
0.000000000000000000e+00 0.000000000000000000e+00 nan 0.000000000000000000e+00
0.000000000000000000e+00 5.100000000000000000e+01 0.000000000000000000e+00 0.000000000000000000e+00
0.000000000000000000e+00 0.000000000000000000e+00 5.100000000000000000e+01 0.000000000000000000e+00
0.000000000000000000e+00 0.000000000000000000e+00 0.000000000000000000e+00 nan
0.000000000000000000e+00 nan nan 0.000000000000000000e+00
0.000000000000000000e+00 nan 0.000000000000000000e+00 0.000000000000000000e+00
0.000000000000000000e+00 nan 0.000000000000000000e+00 0.000000000000000000e+00
0.000000000000000000e+00 nan 0.000000000000000000e+00 nan
nan 0.000000000000000000e+00 nan 0.000000000000000000e+00
nan 0.000000000000000000e+00 0.000000000000000000e+00 0.000000000000000000e+00
nan 0.000000000000000000e+00 0.000000000000000000e+00 0.000000000000000000e+00
nan 0.000000000000000000e+00 0.000000000000000000e+00 nan
0.000000000000000000e+00 0.000000000000000000e+00 nan 0.000000000000000000e+00
0.000000000000000000e+00 0.000000000000000000e+00 0.000000000000000000e+00 0.000000000000000000e+00
0.000000000000000000e+00 0.000000000000000000e+00 0.000000000000000000e+00 0.000000000000000000e+00
0.000000000000000000e+00 0.000000000000000000e+00 0.000000000000000000e+00 nan
0.000000000000000000e+00 0.000000000000000000e+00 nan 0.000000000000000000e+00
0.000000000000000000e+00 0.000000000000000000e+00 0.000000000000000000e+00 0.000000000000000000e+00
0.000000000000000000e+00 0.000000000000000000e+00 0.000000000000000000e+00 0.000000000000000000e+00
0.000000000000000000e+00 3.500000000000000000e+01 5.100000000000000000e+01 nan
0.000000000000000000e+00 nan nan 0.000000000000000000e+00
0.000000000000000000e+00 nan 0.000000000000000000e+00 0.000000000000000000e+00
0.000000000000000000e+00 nan 0.000000000000000000e+00 0.000000000000000000e+00
0.000000000000000000e+00 nan 0.000000000000000000e+00 nan
