nan 0.000000000000000000e+00 nan 0.000000000000000000e+00
nan 0.000000000000000000e+00 0.000000000000000000e+00 0.000000000000000000e+00
nan 0.000000000000000000e+00 0.000000000000000000e+00 0.000000000000000000e+00
nan 0.000000000000000000e+00 0.000000000000000000e+00 nan
0.000000000000000000e+00 0.000000000000000000e+00 nan 0.000000000000000000e+00
0.000000000000000000e+00 0.000000000000000000e+00 0.000000000000000000e+00 0.000000000000000000e+00
0.000000000000000000e+00 0.000000000000000000e+00 0.000000000000000000e+00 0.000000000000000000e+00
0.000000000000000000e+00 0.000000000000000000e+00 0.000000000000000000e+00 nan
0.000000000000000000e+00 0.000000000000000000e+00 nan 0.000000000000000000e+00
0.000000000000000000e+00 0.000000000000000000e+00 0.000000000000000000e+00 0.000000000000000000e+00
4.295238095238095610e+01 4.666666666666666430e+01 4.645833333333332860e+01 4.216666666666666430e+01
0.000000000000000000e+00 0.000000000000000000e+00 0.000000000000000000e+00 nan
0.000000000000000000e+00 nan nan 0.000000000000000000e+00
0.000000000000000000e+00 nan 0.000000000000000000e+00 0.000000000000000000e+00
0.000000000000000000e+00 nan 0.000000000000000000e+00 0.000000000000000000e+00
0.000000000000000000e+00 nan 0.000000000000000000e+00 nan
nan 0.000000000000000000e+00 nan 0.000000000000000000e+00
nan 2.766666666666666785e+01 0.000000000000000000e+00 0.000000000000000000e+00
nan 3.858333333333332860e+01 0.000000000000000000e+00 0.000000000000000000e+00
nan 0.000000000000000000e+00 1.466666666666666785e+01 nan
0.000000000000000000e+00 0.000000000000000000e+00 nan 0.000000000000000000e+00
0.000000000000000000e+00 0.000000000000000000e+00 0.000000000000000000e+00 0.000000000000000000e+00
3.858333333333332860e+01 4.953333333333333144e+01 0.000000000000000000e+00 0.000000000000000000e+00
0.000000000000000000e+00 0.000000000000000000e+00 3.333333333333332860e+01 nan
0.000000000000000000e+00 0.000000000000000000e+00 nan 0.000000000000000000e+00
5.122222222222222143e+01 5.166666666666666430e+01 0.000000000000000000e+00 5.166666666666666430e+01
4.666666666666666430e+01 0.000000000000000000e+00 0.000000000000000000e+00 0.000000000000000000e+00
0.000000000000000000e+00 0.000000000000000000e+00 0.000000000000000000e+00 nan
0.000000000000000000e+00 nan nan 0.000000000000000000e+00
0.000000000000000000e+00 nan 0.000000000000000000e+00 0.000000000000000000e+00
0.000000000000000000e+00 nan 0.000000000000000000e+00 0.000000000000000000e+00
0.000000000000000000e+00 nan 0.000000000000000000e+00 nan
nan 0.000000000000000000e+00 nan 0.000000000000000000e+00
nan 0.000000000000000000e+00 0.000000000000000000e+00 0.000000000000000000e+00
nan 0.000000000000000000e+00 0.000000000000000000e+00 0.000000000000000000e+00
nan 0.000000000000000000e+00 0.000000000000000000e+00 nan
0.000000000000000000e+00 0.000000000000000000e+00 nan 0.000000000000000000e+00
0.000000000000000000e+00 0.000000000000000000e+00 0.000000000000000000e+00 0.000000000000000000e+00
5.500000000000000000e+01 0.000000000000000000e+00 2.766666666666666785e+01 1.666666666666666785e+01
0.000000000000000000e+00 0.000000000000000000e+00 0.000000000000000000e+00 nan
0.000000000000000000e+00 0.000000000000000000e+00 nan 0.000000000000000000e+00
0.000000000000000000e+00 0.000000000000000000e+00 0.000000000000000000e+00 0.000000000000000000e+00
4.953333333333333144e+01 0.000000000000000000e+00 0.000000000000000000e+00 3.500000000000000000e+01
0.000000000000000000e+00 0.000000000000000000e+00 0.000000000000000000e+00 nan
0.000000000000000000e+00 nan nan 1.000000000000000000e+01
5.151851851851851904e+01 nan 0.000000000000000000e+00 0.000000000000000000e+00
4.666666666666666430e+01 nan 0.000000000000000000e+00 0.000000000000000000e+00
0.000000000000000000e+00 nan 0.000000000000000000e+00 nan
nan 0.000000000000000000e+00 nan 0.000000000000000000e+00
nan 0.000000000000000000e+00 0.000000000000000000e+00 0.000000000000000000e+00
nan 0.000000000000000000e+00 0.000000000000000000e+00 0.000000000000000000e+00
nan 0.000000000000000000e+00 0.000000000000000000e+00 nan
0.000000000000000000e+00 0.000000000000000000e+00 nan 0.000000000000000000e+00
2.766666666666666785e+01 0.000000000000000000e+00 0.000000000000000000e+00 0.000000000000000000e+00
0.000000000000000000e+00 0.000000000000000000e+00 0.000000000000000000e+00 3.333333333333332860e+01
0.000000000000000000e+00 0.000000000000000000e+00 0.000000000000000000e+00 nan
0.000000000000000000e+00 1.000000000000000000e+01 nan 0.000000000000000000e+00
0.000000000000000000e+00 5.151851851851851904e+01 1.000000000000000000e+01 0.000000000000000000e+00
0.000000000000000000e+00 0.000000000000000000e+00 5.100000000000000000e+01 5.400000000000000000e+01
0.000000000000000000e+00 0.000000000000000000e+00 0.000000000000000000e+00 nan
1.000000000000000000e+01 nan nan 0.000000000000000000e+00
0.000000000000000000e+00 nan 0.000000000000000000e+00 0.000000000000000000e+00
0.000000000000000000e+00 nan 0.000000000000000000e+00 0.000000000000000000e+00
0.000000000000000000e+00 nan 0.000000000000000000e+00 nan
nan 0.000000000000000000e+00 nan 0.000000000000000000e+00
nan 0.000000000000000000e+00 0.000000000000000000e+00 0.000000000000000000e+00
nan 0.000000000000000000e+00 0.000000000000000000e+00 0.000000000000000000e+00
nan 0.000000000000000000e+00 0.000000000000000000e+00 nan
0.000000000000000000e+00 0.000000000000000000e+00 nan 0.000000000000000000e+00
0.000000000000000000e+00 0.000000000000000000e+00 0.000000000000000000e+00 0.000000000000000000e+00
0.000000000000000000e+00 0.000000000000000000e+00 0.000000000000000000e+00 0.000000000000000000e+00
1.466666666666666785e+01 0.000000000000000000e+00 0.000000000000000000e+00 nan
0.000000000000000000e+00 0.000000000000000000e+00 nan 0.000000000000000000e+00
0.000000000000000000e+00 0.000000000000000000e+00 0.000000000000000000e+00 0.000000000000000000e+00
0.000000000000000000e+00 0.000000000000000000e+00 0.000000000000000000e+00 0.000000000000000000e+00
3.333333333333332860e+01 3.500000000000000000e+01 5.200000000000000000e+01 nan
0.000000000000000000e+00 nan nan 0.000000000000000000e+00
0.000000000000000000e+00 nan 1.000000000000000000e+01 0.000000000000000000e+00
0.000000000000000000e+00 nan 0.000000000000000000e+00 0.000000000000000000e+00
0.000000000000000000e+00 nan 0.000000000000000000e+00 nan
