nan 0.000000000000000000e+00 nan 0.000000000000000000e+00
nan 0.000000000000000000e+00 0.000000000000000000e+00 0.000000000000000000e+00
nan 0.000000000000000000e+00 0.000000000000000000e+00 0.000000000000000000e+00
nan 0.000000000000000000e+00 0.000000000000000000e+00 nan
0.000000000000000000e+00 0.000000000000000000e+00 nan 0.000000000000000000e+00
0.000000000000000000e+00 0.000000000000000000e+00 0.000000000000000000e+00 0.000000000000000000e+00
0.000000000000000000e+00 0.000000000000000000e+00 0.000000000000000000e+00 0.000000000000000000e+00
0.000000000000000000e+00 0.000000000000000000e+00 0.000000000000000000e+00 nan
0.000000000000000000e+00 0.000000000000000000e+00 nan 0.000000000000000000e+00
0.000000000000000000e+00 0.000000000000000000e+00 0.000000000000000000e+00 0.000000000000000000e+00
4.212500000000000000e+01 3.488888888888888573e+01 4.281481481481480955e+01 3.953333333333333144e+01
0.000000000000000000e+00 0.000000000000000000e+00 0.000000000000000000e+00 nan
0.000000000000000000e+00 nan nan 0.000000000000000000e+00
0.000000000000000000e+00 nan 0.000000000000000000e+00 0.000000000000000000e+00
0.000000000000000000e+00 nan 0.000000000000000000e+00 0.000000000000000000e+00
0.000000000000000000e+00 nan 0.000000000000000000e+00 nan
nan 0.000000000000000000e+00 nan 0.000000000000000000e+00
nan 2.833333333333333570e+01 0.000000000000000000e+00 0.000000000000000000e+00
nan 3.858333333333332860e+01 0.000000000000000000e+00 0.000000000000000000e+00
nan 0.000000000000000000e+00 1.466666666666666785e+01 nan
0.000000000000000000e+00 0.000000000000000000e+00 nan 0.000000000000000000e+00
0.000000000000000000e+00 0.000000000000000000e+00 0.000000000000000000e+00 0.000000000000000000e+00
3.858333333333332860e+01 4.723809523809524080e+01 2.900000000000000000e+01 0.000000000000000000e+00
0.000000000000000000e+00 0.000000000000000000e+00 3.333333333333332860e+01 nan
0.000000000000000000e+00 0.000000000000000000e+00 nan 0.000000000000000000e+00
5.122222222222222143e+01 5.166666666666666430e+01 0.000000000000000000e+00 5.166666666666666430e+01
4.666666666666666430e+01 0.000000000000000000e+00 0.000000000000000000e+00 3.633333333333333570e+01
0.000000000000000000e+00 0.000000000000000000e+00 0.000000000000000000e+00 nan
0.000000000000000000e+00 nan nan 0.000000000000000000e+00
0.000000000000000000e+00 nan 0.000000000000000000e+00 0.000000000000000000e+00
0.000000000000000000e+00 nan 0.000000000000000000e+00 0.000000000000000000e+00
0.000000000000000000e+00 nan 0.000000000000000000e+00 nan
nan 0.000000000000000000e+00 nan 0.000000000000000000e+00
nan 0.000000000000000000e+00 0.000000000000000000e+00 0.000000000000000000e+00
nan 0.000000000000000000e+00 0.000000000000000000e+00 0.000000000000000000e+00
nan 0.000000000000000000e+00 0.000000000000000000e+00 nan
0.000000000000000000e+00 0.000000000000000000e+00 nan 0.000000000000000000e+00
0.000000000000000000e+00 0.000000000000000000e+00 0.000000000000000000e+00 0.000000000000000000e+00
5.500000000000000000e+01 0.000000000000000000e+00 2.766666666666666785e+01 1.666666666666666785e+01
0.000000000000000000e+00 0.000000000000000000e+00 0.000000000000000000e+00 nan
0.000000000000000000e+00 0.000000000000000000e+00 nan 0.000000000000000000e+00
0.000000000000000000e+00 0.000000000000000000e+00 0.000000000000000000e+00 0.000000000000000000e+00
4.905555555555555713e+01 3.633333333333333570e+01 0.000000000000000000e+00 3.500000000000000000e+01
0.000000000000000000e+00 0.000000000000000000e+00 0.000000000000000000e+00 nan
0.000000000000000000e+00 nan nan 1.000000000000000000e+01
5.151851851851851904e+01 nan 0.000000000000000000e+00 0.000000000000000000e+00
4.322222222222222143e+01 nan 1.133333333333333393e+01 1.366666666666666607e+01
0.000000000000000000e+00 nan 0.000000000000000000e+00 nan
nan 0.000000000000000000e+00 nan 0.000000000000000000e+00
nan 0.000000000000000000e+00 0.000000000000000000e+00 0.000000000000000000e+00
nan 0.000000000000000000e+00 0.000000000000000000e+00 0.000000000000000000e+00
nan 0.000000000000000000e+00 0.000000000000000000e+00 nan
0.000000000000000000e+00 0.000000000000000000e+00 nan 0.000000000000000000e+00
2.833333333333333570e+01 0.000000000000000000e+00 0.000000000000000000e+00 0.000000000000000000e+00
0.000000000000000000e+00 0.000000000000000000e+00 0.000000000000000000e+00 3.333333333333332860e+01
0.000000000000000000e+00 0.000000000000000000e+00 0.000000000000000000e+00 nan
0.000000000000000000e+00 1.000000000000000000e+01 nan 0.000000000000000000e+00
0.000000000000000000e+00 5.151851851851851904e+01 1.000000000000000000e+01 1.366666666666666607e+01
2.900000000000000000e+01 0.000000000000000000e+00 5.100000000000000000e+01 5.400000000000000000e+01
0.000000000000000000e+00 0.000000000000000000e+00 0.000000000000000000e+00 nan
1.000000000000000000e+01 nan nan 0.000000000000000000e+00
0.000000000000000000e+00 nan 0.000000000000000000e+00 1.133333333333333393e+01
1.133333333333333393e+01 nan 1.366666666666666607e+01 0.000000000000000000e+00
0.000000000000000000e+00 nan 0.000000000000000000e+00 nan
nan 0.000000000000000000e+00 nan 0.000000000000000000e+00
nan 0.000000000000000000e+00 0.000000000000000000e+00 0.000000000000000000e+00
nan 0.000000000000000000e+00 0.000000000000000000e+00 0.000000000000000000e+00
nan 0.000000000000000000e+00 0.000000000000000000e+00 nan
0.000000000000000000e+00 0.000000000000000000e+00 nan 0.000000000000000000e+00
0.000000000000000000e+00 0.000000000000000000e+00 0.000000000000000000e+00 0.000000000000000000e+00
0.000000000000000000e+00 0.000000000000000000e+00 0.000000000000000000e+00 0.000000000000000000e+00
1.466666666666666785e+01 0.000000000000000000e+00 0.000000000000000000e+00 nan
0.000000000000000000e+00 0.000000000000000000e+00 nan 0.000000000000000000e+00
0.000000000000000000e+00 0.000000000000000000e+00 0.000000000000000000e+00 0.000000000000000000e+00
0.000000000000000000e+00 1.366666666666666607e+01 0.000000000000000000e+00 0.000000000000000000e+00
3.333333333333332860e+01 3.500000000000000000e+01 4.426666666666666572e+01 nan
0.000000000000000000e+00 nan nan 0.000000000000000000e+00
0.000000000000000000e+00 nan 1.000000000000000000e+01 0.000000000000000000e+00
0.000000000000000000e+00 nan 0.000000000000000000e+00 1.133333333333333393e+01
0.000000000000000000e+00 nan 1.250000000000000000e+01 nan
