nan 0.000000000000000000e+00 nan 0.000000000000000000e+00
nan 0.000000000000000000e+00 0.000000000000000000e+00 0.000000000000000000e+00
nan 0.000000000000000000e+00 0.000000000000000000e+00 0.000000000000000000e+00
nan 0.000000000000000000e+00 0.000000000000000000e+00 nan
0.000000000000000000e+00 0.000000000000000000e+00 nan 0.000000000000000000e+00
0.000000000000000000e+00 0.000000000000000000e+00 0.000000000000000000e+00 0.000000000000000000e+00
0.000000000000000000e+00 0.000000000000000000e+00 0.000000000000000000e+00 0.000000000000000000e+00
0.000000000000000000e+00 0.000000000000000000e+00 0.000000000000000000e+00 nan
0.000000000000000000e+00 0.000000000000000000e+00 nan 0.000000000000000000e+00
0.000000000000000000e+00 0.000000000000000000e+00 0.000000000000000000e+00 0.000000000000000000e+00
4.637777777777777288e+01 3.233333333333332860e+01 4.243589743589743790e+01 3.409523809523809490e+01
0.000000000000000000e+00 0.000000000000000000e+00 0.000000000000000000e+00 nan
0.000000000000000000e+00 nan nan 0.000000000000000000e+00
0.000000000000000000e+00 nan 0.000000000000000000e+00 0.000000000000000000e+00
0.000000000000000000e+00 nan 0.000000000000000000e+00 0.000000000000000000e+00
0.000000000000000000e+00 nan 0.000000000000000000e+00 nan
nan 0.000000000000000000e+00 nan 0.000000000000000000e+00
nan 2.877777777777777857e+01 0.000000000000000000e+00 2.533333333333333215e+01
nan 3.858333333333332860e+01 4.266666666666667140e+01 0.000000000000000000e+00
nan 0.000000000000000000e+00 1.622222222222222143e+01 nan
0.000000000000000000e+00 0.000000000000000000e+00 nan 0.000000000000000000e+00
0.000000000000000000e+00 1.466666666666666607e+01 0.000000000000000000e+00 0.000000000000000000e+00
4.387500000000000000e+01 4.726666666666666572e+01 4.300000000000000000e+01 1.933333333333333215e+01
0.000000000000000000e+00 0.000000000000000000e+00 3.333333333333332860e+01 nan
0.000000000000000000e+00 0.000000000000000000e+00 nan 0.000000000000000000e+00
5.122222222222222143e+01 5.166666666666666430e+01 4.833333333333333570e+01 5.166666666666666430e+01
4.675000000000000000e+01 0.000000000000000000e+00 4.733333333333333570e+01 3.633333333333333570e+01
0.000000000000000000e+00 0.000000000000000000e+00 0.000000000000000000e+00 nan
0.000000000000000000e+00 nan nan 0.000000000000000000e+00
0.000000000000000000e+00 nan 0.000000000000000000e+00 0.000000000000000000e+00
0.000000000000000000e+00 nan 0.000000000000000000e+00 0.000000000000000000e+00
0.000000000000000000e+00 nan 0.000000000000000000e+00 nan
nan 0.000000000000000000e+00 nan 0.000000000000000000e+00
nan 0.000000000000000000e+00 0.000000000000000000e+00 0.000000000000000000e+00
nan 0.000000000000000000e+00 0.000000000000000000e+00 0.000000000000000000e+00
nan 0.000000000000000000e+00 0.000000000000000000e+00 nan
0.000000000000000000e+00 0.000000000000000000e+00 nan 0.000000000000000000e+00
0.000000000000000000e+00 0.000000000000000000e+00 0.000000000000000000e+00 5.966666666666666430e+01
5.500000000000000000e+01 0.000000000000000000e+00 2.766666666666666785e+01 1.666666666666666785e+01
0.000000000000000000e+00 0.000000000000000000e+00 0.000000000000000000e+00 nan
0.000000000000000000e+00 0.000000000000000000e+00 nan 5.500000000000000000e+01
0.000000000000000000e+00 1.466666666666666607e+01 0.000000000000000000e+00 0.000000000000000000e+00
4.779365079365079083e+01 4.355555555555555713e+01 0.000000000000000000e+00 3.911111111111111427e+01
0.000000000000000000e+00 0.000000000000000000e+00 0.000000000000000000e+00 nan
0.000000000000000000e+00 nan nan 1.000000000000000000e+01
5.127777777777777857e+01 nan 0.000000000000000000e+00 1.466666666666666607e+01
4.511111111111110716e+01 nan 1.133333333333333393e+01 1.200000000000000000e+01
0.000000000000000000e+00 nan 1.033333333333333393e+01 nan
nan 0.000000000000000000e+00 nan 0.000000000000000000e+00
nan 3.688888888888888573e+01 0.000000000000000000e+00 0.000000000000000000e+00
nan 0.000000000000000000e+00 0.000000000000000000e+00 0.000000000000000000e+00
nan 0.000000000000000000e+00 0.000000000000000000e+00 nan
0.000000000000000000e+00 5.425000000000000000e+01 nan 0.000000000000000000e+00
2.791666666666666785e+01 0.000000000000000000e+00 5.425000000000000000e+01 0.000000000000000000e+00
0.000000000000000000e+00 0.000000000000000000e+00 0.000000000000000000e+00 3.333333333333332860e+01
0.000000000000000000e+00 0.000000000000000000e+00 0.000000000000000000e+00 nan
0.000000000000000000e+00 1.000000000000000000e+01 nan 4.833333333333333570e+01
1.466666666666666607e+01 5.071428571428571530e+01 1.000000000000000000e+01 1.366666666666666607e+01
2.900000000000000000e+01 0.000000000000000000e+00 4.977777777777777857e+01 4.233333333333333570e+01
0.000000000000000000e+00 0.000000000000000000e+00 0.000000000000000000e+00 nan
1.016666666666666785e+01 nan nan 0.000000000000000000e+00
0.000000000000000000e+00 nan 1.033333333333333393e+01 1.133333333333333393e+01
1.133333333333333393e+01 nan 1.144444444444444464e+01 1.033333333333333393e+01
0.000000000000000000e+00 nan 0.000000000000000000e+00 nan
nan 0.000000000000000000e+00 nan 0.000000000000000000e+00
nan 0.000000000000000000e+00 0.000000000000000000e+00 0.000000000000000000e+00
nan 0.000000000000000000e+00 2.533333333333333215e+01 0.000000000000000000e+00
nan 0.000000000000000000e+00 0.000000000000000000e+00 nan
0.000000000000000000e+00 0.000000000000000000e+00 nan 0.000000000000000000e+00
0.000000000000000000e+00 0.000000000000000000e+00 0.000000000000000000e+00 0.000000000000000000e+00
0.000000000000000000e+00 5.966666666666666430e+01 0.000000000000000000e+00 0.000000000000000000e+00
1.622222222222222143e+01 0.000000000000000000e+00 0.000000000000000000e+00 nan
0.000000000000000000e+00 0.000000000000000000e+00 nan 0.000000000000000000e+00
5.500000000000000000e+01 0.000000000000000000e+00 4.833333333333333570e+01 0.000000000000000000e+00
0.000000000000000000e+00 1.366666666666666607e+01 0.000000000000000000e+00 0.000000000000000000e+00
3.308333333333332860e+01 2.266666666666666785e+01 4.276190476190475920e+01 nan
0.000000000000000000e+00 nan nan 0.000000000000000000e+00
0.000000000000000000e+00 nan 1.000000000000000000e+01 0.000000000000000000e+00
0.000000000000000000e+00 nan 1.466666666666666607e+01 1.133333333333333393e+01
0.000000000000000000e+00 nan 1.141666666666666785e+01 nan
