nan 0.000000000000000000e+00 nan 0.000000000000000000e+00
nan 0.000000000000000000e+00 0.000000000000000000e+00 0.000000000000000000e+00
nan 0.000000000000000000e+00 0.000000000000000000e+00 0.000000000000000000e+00
nan 0.000000000000000000e+00 0.000000000000000000e+00 nan
0.000000000000000000e+00 0.000000000000000000e+00 nan 0.000000000000000000e+00
0.000000000000000000e+00 0.000000000000000000e+00 0.000000000000000000e+00 0.000000000000000000e+00
0.000000000000000000e+00 0.000000000000000000e+00 0.000000000000000000e+00 0.000000000000000000e+00
0.000000000000000000e+00 0.000000000000000000e+00 0.000000000000000000e+00 nan
0.000000000000000000e+00 0.000000000000000000e+00 nan 0.000000000000000000e+00
0.000000000000000000e+00 0.000000000000000000e+00 0.000000000000000000e+00 0.000000000000000000e+00
4.495238095238095610e+01 3.266666666666666430e+01 0.000000000000000000e+00 2.911111111111111072e+01
0.000000000000000000e+00 0.000000000000000000e+00 0.000000000000000000e+00 nan
0.000000000000000000e+00 nan nan 0.000000000000000000e+00
0.000000000000000000e+00 nan 0.000000000000000000e+00 0.000000000000000000e+00
0.000000000000000000e+00 nan 0.000000000000000000e+00 0.000000000000000000e+00
0.000000000000000000e+00 nan 0.000000000000000000e+00 nan
nan 0.000000000000000000e+00 nan 0.000000000000000000e+00
nan 0.000000000000000000e+00 0.000000000000000000e+00 0.000000000000000000e+00
nan 0.000000000000000000e+00 0.000000000000000000e+00 0.000000000000000000e+00
nan 0.000000000000000000e+00 0.000000000000000000e+00 nan
0.000000000000000000e+00 0.000000000000000000e+00 nan 0.000000000000000000e+00
0.000000000000000000e+00 0.000000000000000000e+00 0.000000000000000000e+00 0.000000000000000000e+00
5.533333333333333570e+01 0.000000000000000000e+00 0.000000000000000000e+00 0.000000000000000000e+00
0.000000000000000000e+00 0.000000000000000000e+00 0.000000000000000000e+00 nan
0.000000000000000000e+00 0.000000000000000000e+00 nan 0.000000000000000000e+00
0.000000000000000000e+00 0.000000000000000000e+00 0.000000000000000000e+00 0.000000000000000000e+00
0.000000000000000000e+00 0.000000000000000000e+00 0.000000000000000000e+00 0.000000000000000000e+00
0.000000000000000000e+00 0.000000000000000000e+00 0.000000000000000000e+00 nan
0.000000000000000000e+00 nan nan 0.000000000000000000e+00
0.000000000000000000e+00 nan 0.000000000000000000e+00 0.000000000000000000e+00
0.000000000000000000e+00 nan 0.000000000000000000e+00 0.000000000000000000e+00
0.000000000000000000e+00 nan 0.000000000000000000e+00 nan
nan 0.000000000000000000e+00 nan 0.000000000000000000e+00
nan 0.000000000000000000e+00 0.000000000000000000e+00 0.000000000000000000e+00
nan 0.000000000000000000e+00 0.000000000000000000e+00 0.000000000000000000e+00
nan 0.000000000000000000e+00 0.000000000000000000e+00 nan
0.000000000000000000e+00 0.000000000000000000e+00 nan 0.000000000000000000e+00
0.000000000000000000e+00 0.000000000000000000e+00 0.000000000000000000e+00 0.000000000000000000e+00
0.000000000000000000e+00 0.000000000000000000e+00 0.000000000000000000e+00 0.000000000000000000e+00
0.000000000000000000e+00 0.000000000000000000e+00 0.000000000000000000e+00 nan
0.000000000000000000e+00 0.000000000000000000e+00 nan 0.000000000000000000e+00
0.000000000000000000e+00 0.000000000000000000e+00 0.000000000000000000e+00 0.000000000000000000e+00
0.000000000000000000e+00 0.000000000000000000e+00 0.000000000000000000e+00 0.000000000000000000e+00
0.000000000000000000e+00 0.000000000000000000e+00 0.000000000000000000e+00 nan
0.000000000000000000e+00 nan nan 0.000000000000000000e+00
0.000000000000000000e+00 nan 0.000000000000000000e+00 0.000000000000000000e+00
0.000000000000000000e+00 nan 0.000000000000000000e+00 0.000000000000000000e+00
0.000000000000000000e+00 nan 0.000000000000000000e+00 nan
nan 0.000000000000000000e+00 nan 0.000000000000000000e+00
nan 0.000000000000000000e+00 0.000000000000000000e+00 0.000000000000000000e+00
nan 0.000000000000000000e+00 0.000000000000000000e+00 0.000000000000000000e+00
nan 0.000000000000000000e+00 0.000000000000000000e+00 nan
0.000000000000000000e+00 0.000000000000000000e+00 nan 0.000000000000000000e+00
0.000000000000000000e+00 0.000000000000000000e+00 0.000000000000000000e+00 0.000000000000000000e+00
0.000000000000000000e+00 0.000000000000000000e+00 0.000000000000000000e+00 0.000000000000000000e+00
0.000000000000000000e+00 0.000000000000000000e+00 0.000000000000000000e+00 nan
0.000000000000000000e+00 0.000000000000000000e+00 nan 0.000000000000000000e+00
0.000000000000000000e+00 0.000000000000000000e+00 0.000000000000000000e+00 0.000000000000000000e+00
0.000000000000000000e+00 0.000000000000000000e+00 0.000000000000000000e+00 0.000000000000000000e+00
0.000000000000000000e+00 0.000000000000000000e+00 0.000000000000000000e+00 nan
0.000000000000000000e+00 nan nan 0.000000000000000000e+00
0.000000000000000000e+00 nan 0.000000000000000000e+00 0.000000000000000000e+00
0.000000000000000000e+00 nan 0.000000000000000000e+00 0.000000000000000000e+00
0.000000000000000000e+00 nan 0.000000000000000000e+00 nan
nan 0.000000000000000000e+00 nan 0.000000000000000000e+00
nan 0.000000000000000000e+00 0.000000000000000000e+00 0.000000000000000000e+00
nan 0.000000000000000000e+00 0.000000000000000000e+00 0.000000000000000000e+00
nan 0.000000000000000000e+00 0.000000000000000000e+00 nan
0.000000000000000000e+00 0.000000000000000000e+00 nan 0.000000000000000000e+00
0.000000000000000000e+00 0.000000000000000000e+00 0.000000000000000000e+00 0.000000000000000000e+00
0.000000000000000000e+00 0.000000000000000000e+00 0.000000000000000000e+00 0.000000000000000000e+00
0.000000000000000000e+00 0.000000000000000000e+00 0.000000000000000000e+00 nan
0.000000000000000000e+00 0.000000000000000000e+00 nan 0.000000000000000000e+00
0.000000000000000000e+00 0.000000000000000000e+00 0.000000000000000000e+00 0.000000000000000000e+00
0.000000000000000000e+00 0.000000000000000000e+00 0.000000000000000000e+00 0.000000000000000000e+00
0.000000000000000000e+00 0.000000000000000000e+00 0.000000000000000000e+00 nan
0.000000000000000000e+00 nan nan 0.000000000000000000e+00
0.000000000000000000e+00 nan 0.000000000000000000e+00 0.000000000000000000e+00
0.000000000000000000e+00 nan 0.000000000000000000e+00 0.000000000000000000e+00
0.000000000000000000e+00 nan 0.000000000000000000e+00 nan
nan 0.000000000000000000e+00 nan 0.000000000000000000e+00
nan 0.000000000000000000e+00 0.000000000000000000e+00 0.000000000000000000e+00
nan 4.252380952380952550e+01 0.000000000000000000e+00 0.000000000000000000e+00
nan 1.000000000000000000e+01 0.000000000000000000e+00 nan
0.000000000000000000e+00 0.000000000000000000e+00 nan 0.000000000000000000e+00
0.000000000000000000e+00 0.000000000000000000e+00 0.000000000000000000e+00 0.000000000000000000e+00
2.766666666666666785e+01 1.366666666666666607e+01 4.822222222222222143e+01 0.000000000000000000e+00
0.000000000000000000e+00 0.000000000000000000e+00 0.000000000000000000e+00 nan
0.000000000000000000e+00 0.000000000000000000e+00 nan 0.000000000000000000e+00
0.000000000000000000e+00 0.000000000000000000e+00 0.000000000000000000e+00 0.000000000000000000e+00
0.000000000000000000e+00 0.000000000000000000e+00 0.000000000000000000e+00 0.000000000000000000e+00
0.000000000000000000e+00 0.000000000000000000e+00 0.000000000000000000e+00 nan
0.000000000000000000e+00 nan nan 0.000000000000000000e+00
0.000000000000000000e+00 nan 0.000000000000000000e+00 0.000000000000000000e+00
0.000000000000000000e+00 nan 0.000000000000000000e+00 0.000000000000000000e+00
0.000000000000000000e+00 nan 0.000000000000000000e+00 nan
nan 0.000000000000000000e+00 nan 0.000000000000000000e+00
nan 0.000000000000000000e+00 0.000000000000000000e+00 0.000000000000000000e+00
nan 0.000000000000000000e+00 0.000000000000000000e+00 0.000000000000000000e+00
nan 0.000000000000000000e+00 0.000000000000000000e+00 nan
0.000000000000000000e+00 0.000000000000000000e+00 nan 0.000000000000000000e+00
0.000000000000000000e+00 5.300000000000000000e+01 0.000000000000000000e+00 0.000000000000000000e+00
4.116666666666667140e+01 5.700000000000000000e+01 2.766666666666666785e+01 1.666666666666666785e+01
1.000000000000000000e+01 0.000000000000000000e+00 0.000000000000000000e+00 nan
0.000000000000000000e+00 0.000000000000000000e+00 nan 0.000000000000000000e+00
0.000000000000000000e+00 0.000000000000000000e+00 0.000000000000000000e+00 0.000000000000000000e+00
0.000000000000000000e+00 1.366666666666666607e+01 0.000000000000000000e+00 0.000000000000000000e+00
0.000000000000000000e+00 0.000000000000000000e+00 2.633333333333333215e+01 nan
0.000000000000000000e+00 nan nan 0.000000000000000000e+00
4.833333333333333570e+01 nan 0.000000000000000000e+00 0.000000000000000000e+00
2.483333333333333215e+01 nan 0.000000000000000000e+00 2.533333333333333215e+01
0.000000000000000000e+00 nan 0.000000000000000000e+00 nan
nan 0.000000000000000000e+00 nan 0.000000000000000000e+00
nan 0.000000000000000000e+00 0.000000000000000000e+00 0.000000000000000000e+00
nan 0.000000000000000000e+00 0.000000000000000000e+00 0.000000000000000000e+00
nan 0.000000000000000000e+00 0.000000000000000000e+00 nan
0.000000000000000000e+00 0.000000000000000000e+00 nan 0.000000000000000000e+00
4.890476190476190510e+01 0.000000000000000000e+00 0.000000000000000000e+00 0.000000000000000000e+00
0.000000000000000000e+00 0.000000000000000000e+00 0.000000000000000000e+00 0.000000000000000000e+00
0.000000000000000000e+00 0.000000000000000000e+00 0.000000000000000000e+00 nan
0.000000000000000000e+00 0.000000000000000000e+00 nan 0.000000000000000000e+00
0.000000000000000000e+00 0.000000000000000000e+00 0.000000000000000000e+00 0.000000000000000000e+00
0.000000000000000000e+00 0.000000000000000000e+00 0.000000000000000000e+00 0.000000000000000000e+00
0.000000000000000000e+00 0.000000000000000000e+00 0.000000000000000000e+00 nan
0.000000000000000000e+00 nan nan 0.000000000000000000e+00
0.000000000000000000e+00 nan 0.000000000000000000e+00 0.000000000000000000e+00
0.000000000000000000e+00 nan 0.000000000000000000e+00 0.000000000000000000e+00
0.000000000000000000e+00 nan 0.000000000000000000e+00 nan
nan 0.000000000000000000e+00 nan 0.000000000000000000e+00
nan 0.000000000000000000e+00 0.000000000000000000e+00 0.000000000000000000e+00
nan 0.000000000000000000e+00 0.000000000000000000e+00 0.000000000000000000e+00
nan 2.700000000000000000e+01 0.000000000000000000e+00 nan
0.000000000000000000e+00 0.000000000000000000e+00 nan 0.000000000000000000e+00
0.000000000000000000e+00 0.000000000000000000e+00 0.000000000000000000e+00 0.000000000000000000e+00
0.000000000000000000e+00 0.000000000000000000e+00 0.000000000000000000e+00 0.000000000000000000e+00
0.000000000000000000e+00 0.000000000000000000e+00 0.000000000000000000e+00 nan
0.000000000000000000e+00 0.000000000000000000e+00 nan 0.000000000000000000e+00
0.000000000000000000e+00 0.000000000000000000e+00 0.000000000000000000e+00 0.000000000000000000e+00
0.000000000000000000e+00 0.000000000000000000e+00 0.000000000000000000e+00 0.000000000000000000e+00
1.000000000000000000e+01 0.000000000000000000e+00 2.633333333333333215e+01 nan
0.000000000000000000e+00 nan nan 0.000000000000000000e+00
0.000000000000000000e+00 nan 0.000000000000000000e+00 0.000000000000000000e+00
0.000000000000000000e+00 nan 0.000000000000000000e+00 0.000000000000000000e+00
0.000000000000000000e+00 nan 0.000000000000000000e+00 nan
nan 0.000000000000000000e+00 nan 0.000000000000000000e+00
nan 0.000000000000000000e+00 0.000000000000000000e+00 0.000000000000000000e+00
nan 5.533333333333333570e+01 0.000000000000000000e+00 2.700000000000000000e+01
nan 1.000000000000000000e+01 0.000000000000000000e+00 nan
0.000000000000000000e+00 0.000000000000000000e+00 nan 0.000000000000000000e+00
0.000000000000000000e+00 0.000000000000000000e+00 0.000000000000000000e+00 0.000000000000000000e+00
4.293333333333333712e+01 0.000000000000000000e+00 5.300000000000000000e+01 0.000000000000000000e+00
0.000000000000000000e+00 0.000000000000000000e+00 0.000000000000000000e+00 nan
0.000000000000000000e+00 0.000000000000000000e+00 nan 0.000000000000000000e+00
5.100000000000000000e+01 4.833333333333333570e+01 0.000000000000000000e+00 0.000000000000000000e+00
2.433333333333333215e+01 2.533333333333333215e+01 0.000000000000000000e+00 0.000000000000000000e+00
0.000000000000000000e+00 0.000000000000000000e+00 0.000000000000000000e+00 nan
0.000000000000000000e+00 nan nan 0.000000000000000000e+00
0.000000000000000000e+00 nan 0.000000000000000000e+00 0.000000000000000000e+00
0.000000000000000000e+00 nan 0.000000000000000000e+00 0.000000000000000000e+00
0.000000000000000000e+00 nan 0.000000000000000000e+00 nan
nan 0.000000000000000000e+00 nan 0.000000000000000000e+00
nan 0.000000000000000000e+00 0.000000000000000000e+00 0.000000000000000000e+00
nan 0.000000000000000000e+00 0.000000000000000000e+00 0.000000000000000000e+00
nan 0.000000000000000000e+00 0.000000000000000000e+00 nan
0.000000000000000000e+00 0.000000000000000000e+00 nan 0.000000000000000000e+00
0.000000000000000000e+00 0.000000000000000000e+00 0.000000000000000000e+00 0.000000000000000000e+00
0.000000000000000000e+00 0.000000000000000000e+00 0.000000000000000000e+00 0.000000000000000000e+00
0.000000000000000000e+00 0.000000000000000000e+00 0.000000000000000000e+00 nan
0.000000000000000000e+00 0.000000000000000000e+00 nan 0.000000000000000000e+00
5.300000000000000000e+01 0.000000000000000000e+00 0.000000000000000000e+00 0.000000000000000000e+00
5.700000000000000000e+01 0.000000000000000000e+00 0.000000000000000000e+00 0.000000000000000000e+00
0.000000000000000000e+00 0.000000000000000000e+00 0.000000000000000000e+00 nan
0.000000000000000000e+00 nan nan 0.000000000000000000e+00
0.000000000000000000e+00 nan 0.000000000000000000e+00 0.000000000000000000e+00
0.000000000000000000e+00 nan 3.100000000000000000e+01 0.000000000000000000e+00
0.000000000000000000e+00 nan 0.000000000000000000e+00 nan
nan 0.000000000000000000e+00 nan 0.000000000000000000e+00
nan 0.000000000000000000e+00 0.000000000000000000e+00 0.000000000000000000e+00
nan 0.000000000000000000e+00 0.000000000000000000e+00 0.000000000000000000e+00
nan 0.000000000000000000e+00 0.000000000000000000e+00 nan
0.000000000000000000e+00 0.000000000000000000e+00 nan 0.000000000000000000e+00
2.766666666666666785e+01 0.000000000000000000e+00 0.000000000000000000e+00 0.000000000000000000e+00
0.000000000000000000e+00 0.000000000000000000e+00 0.000000000000000000e+00 0.000000000000000000e+00
0.000000000000000000e+00 0.000000000000000000e+00 0.000000000000000000e+00 nan
0.000000000000000000e+00 0.000000000000000000e+00 nan 0.000000000000000000e+00
0.000000000000000000e+00 0.000000000000000000e+00 0.000000000000000000e+00 0.000000000000000000e+00
0.000000000000000000e+00 0.000000000000000000e+00 0.000000000000000000e+00 0.000000000000000000e+00
0.000000000000000000e+00 0.000000000000000000e+00 0.000000000000000000e+00 nan
0.000000000000000000e+00 nan nan 0.000000000000000000e+00
4.833333333333333570e+01 nan 1.366666666666666607e+01 0.000000000000000000e+00
0.000000000000000000e+00 nan 0.000000000000000000e+00 0.000000000000000000e+00
0.000000000000000000e+00 nan 0.000000000000000000e+00 nan
nan 0.000000000000000000e+00 nan 0.000000000000000000e+00
nan 0.000000000000000000e+00 0.000000000000000000e+00 0.000000000000000000e+00
nan 0.000000000000000000e+00 0.000000000000000000e+00 0.000000000000000000e+00
nan 0.000000000000000000e+00 0.000000000000000000e+00 nan
0.000000000000000000e+00 0.000000000000000000e+00 nan 0.000000000000000000e+00
0.000000000000000000e+00 0.000000000000000000e+00 0.000000000000000000e+00 0.000000000000000000e+00
0.000000000000000000e+00 0.000000000000000000e+00 0.000000000000000000e+00 0.000000000000000000e+00
1.666666666666666785e+01 0.000000000000000000e+00 0.000000000000000000e+00 nan
0.000000000000000000e+00 0.000000000000000000e+00 nan 0.000000000000000000e+00
0.000000000000000000e+00 0.000000000000000000e+00 0.000000000000000000e+00 0.000000000000000000e+00
0.000000000000000000e+00 0.000000000000000000e+00 0.000000000000000000e+00 0.000000000000000000e+00
0.000000000000000000e+00 0.000000000000000000e+00 5.100000000000000000e+01 nan
0.000000000000000000e+00 nan nan 0.000000000000000000e+00
0.000000000000000000e+00 nan 0.000000000000000000e+00 0.000000000000000000e+00
0.000000000000000000e+00 nan 0.000000000000000000e+00 0.000000000000000000e+00
2.533333333333333215e+01 nan 0.000000000000000000e+00 nan
nan 0.000000000000000000e+00 nan 0.000000000000000000e+00
nan 4.625000000000000000e+01 0.000000000000000000e+00 0.000000000000000000e+00
nan 0.000000000000000000e+00 0.000000000000000000e+00 0.000000000000000000e+00
nan 0.000000000000000000e+00 0.000000000000000000e+00 nan
0.000000000000000000e+00 0.000000000000000000e+00 nan 0.000000000000000000e+00
0.000000000000000000e+00 0.000000000000000000e+00 0.000000000000000000e+00 0.000000000000000000e+00
5.700000000000000000e+01 0.000000000000000000e+00 0.000000000000000000e+00 0.000000000000000000e+00
0.000000000000000000e+00 0.000000000000000000e+00 0.000000000000000000e+00 nan
0.000000000000000000e+00 0.000000000000000000e+00 nan 0.000000000000000000e+00
0.000000000000000000e+00 4.833333333333333570e+01 0.000000000000000000e+00 0.000000000000000000e+00
0.000000000000000000e+00 0.000000000000000000e+00 0.000000000000000000e+00 0.000000000000000000e+00
0.000000000000000000e+00 0.000000000000000000e+00 0.000000000000000000e+00 nan
0.000000000000000000e+00 nan nan 0.000000000000000000e+00
0.000000000000000000e+00 nan 0.000000000000000000e+00 0.000000000000000000e+00
0.000000000000000000e+00 nan 0.000000000000000000e+00 0.000000000000000000e+00
0.000000000000000000e+00 nan 0.000000000000000000e+00 nan
nan 0.000000000000000000e+00 nan 0.000000000000000000e+00
nan 0.000000000000000000e+00 0.000000000000000000e+00 0.000000000000000000e+00
nan 0.000000000000000000e+00 0.000000000000000000e+00 0.000000000000000000e+00
nan 0.000000000000000000e+00 0.000000000000000000e+00 nan
0.000000000000000000e+00 0.000000000000000000e+00 nan 0.000000000000000000e+00
0.000000000000000000e+00 0.000000000000000000e+00 0.000000000000000000e+00 0.000000000000000000e+00
0.000000000000000000e+00 0.000000000000000000e+00 0.000000000000000000e+00 0.000000000000000000e+00
0.000000000000000000e+00 0.000000000000000000e+00 0.000000000000000000e+00 nan
0.000000000000000000e+00 0.000000000000000000e+00 nan 0.000000000000000000e+00
0.000000000000000000e+00 0.000000000000000000e+00 0.000000000000000000e+00 0.000000000000000000e+00
0.000000000000000000e+00 0.000000000000000000e+00 0.000000000000000000e+00 0.000000000000000000e+00
0.000000000000000000e+00 0.000000000000000000e+00 0.000000000000000000e+00 nan
0.000000000000000000e+00 nan nan 0.000000000000000000e+00
5.100000000000000000e+01 nan 0.000000000000000000e+00 0.000000000000000000e+00
0.000000000000000000e+00 nan 0.000000000000000000e+00 0.000000000000000000e+00
0.000000000000000000e+00 nan 0.000000000000000000e+00 nan
nan 0.000000000000000000e+00 nan 0.000000000000000000e+00
nan 0.000000000000000000e+00 0.000000000000000000e+00 0.000000000000000000e+00
nan 0.000000000000000000e+00 0.000000000000000000e+00 0.000000000000000000e+00
nan 0.000000000000000000e+00 0.000000000000000000e+00 nan
0.000000000000000000e+00 0.000000000000000000e+00 nan 0.000000000000000000e+00
0.000000000000000000e+00 0.000000000000000000e+00 0.000000000000000000e+00 0.000000000000000000e+00
0.000000000000000000e+00 0.000000000000000000e+00 0.000000000000000000e+00 0.000000000000000000e+00
0.000000000000000000e+00 0.000000000000000000e+00 0.000000000000000000e+00 nan
0.000000000000000000e+00 0.000000000000000000e+00 nan 0.000000000000000000e+00
0.000000000000000000e+00 5.100000000000000000e+01 0.000000000000000000e+00 0.000000000000000000e+00
0.000000000000000000e+00 0.000000000000000000e+00 0.000000000000000000e+00 0.000000000000000000e+00
0.000000000000000000e+00 0.000000000000000000e+00 0.000000000000000000e+00 nan
1.366666666666666607e+01 nan nan 0.000000000000000000e+00
0.000000000000000000e+00 nan 0.000000000000000000e+00 0.000000000000000000e+00
0.000000000000000000e+00 nan 0.000000000000000000e+00 0.000000000000000000e+00
0.000000000000000000e+00 nan 0.000000000000000000e+00 nan
nan 0.000000000000000000e+00 nan 0.000000000000000000e+00
nan 0.000000000000000000e+00 0.000000000000000000e+00 0.000000000000000000e+00
nan 0.000000000000000000e+00 0.000000000000000000e+00 0.000000000000000000e+00
nan 0.000000000000000000e+00 0.000000000000000000e+00 nan
0.000000000000000000e+00 0.000000000000000000e+00 nan 0.000000000000000000e+00
0.000000000000000000e+00 0.000000000000000000e+00 0.000000000000000000e+00 0.000000000000000000e+00
0.000000000000000000e+00 0.000000000000000000e+00 0.000000000000000000e+00 0.000000000000000000e+00
0.000000000000000000e+00 0.000000000000000000e+00 0.000000000000000000e+00 nan
0.000000000000000000e+00 0.000000000000000000e+00 nan 0.000000000000000000e+00
0.000000000000000000e+00 0.000000000000000000e+00 0.000000000000000000e+00 0.000000000000000000e+00
0.000000000000000000e+00 0.000000000000000000e+00 0.000000000000000000e+00 0.000000000000000000e+00
2.633333333333333215e+01 0.000000000000000000e+00 0.000000000000000000e+00 nan
0.000000000000000000e+00 nan nan 0.000000000000000000e+00
0.000000000000000000e+00 nan 0.000000000000000000e+00 0.000000000000000000e+00
0.000000000000000000e+00 nan 0.000000000000000000e+00 0.000000000000000000e+00
0.000000000000000000e+00 nan 0.000000000000000000e+00 nan
nan 0.000000000000000000e+00 nan 0.000000000000000000e+00
nan 0.000000000000000000e+00 0.000000000000000000e+00 0.000000000000000000e+00
nan 0.000000000000000000e+00 0.000000000000000000e+00 0.000000000000000000e+00
nan 0.000000000000000000e+00 1.666666666666666785e+01 nan
0.000000000000000000e+00 0.000000000000000000e+00 nan 0.000000000000000000e+00
0.000000000000000000e+00 0.000000000000000000e+00 0.000000000000000000e+00 0.000000000000000000e+00
0.000000000000000000e+00 0.000000000000000000e+00 0.000000000000000000e+00 0.000000000000000000e+00
1.000000000000000000e+01 2.633333333333333215e+01 0.000000000000000000e+00 nan
0.000000000000000000e+00 0.000000000000000000e+00 nan 0.000000000000000000e+00
0.000000000000000000e+00 0.000000000000000000e+00 0.000000000000000000e+00 0.000000000000000000e+00
0.000000000000000000e+00 0.000000000000000000e+00 0.000000000000000000e+00 0.000000000000000000e+00
0.000000000000000000e+00 0.000000000000000000e+00 2.533333333333333215e+01 nan
0.000000000000000000e+00 nan nan 0.000000000000000000e+00
0.000000000000000000e+00 nan 0.000000000000000000e+00 0.000000000000000000e+00
0.000000000000000000e+00 nan 0.000000000000000000e+00 0.000000000000000000e+00
0.000000000000000000e+00 nan 0.000000000000000000e+00 nan
nan 0.000000000000000000e+00 nan 0.000000000000000000e+00
nan 0.000000000000000000e+00 0.000000000000000000e+00 0.000000000000000000e+00
nan 0.000000000000000000e+00 0.000000000000000000e+00 0.000000000000000000e+00
nan 0.000000000000000000e+00 0.000000000000000000e+00 nan
0.000000000000000000e+00 0.000000000000000000e+00 nan 0.000000000000000000e+00
0.000000000000000000e+00 0.000000000000000000e+00 0.000000000000000000e+00 0.000000000000000000e+00
0.000000000000000000e+00 0.000000000000000000e+00 0.000000000000000000e+00 0.000000000000000000e+00
0.000000000000000000e+00 0.000000000000000000e+00 0.000000000000000000e+00 nan
0.000000000000000000e+00 0.000000000000000000e+00 nan 0.000000000000000000e+00
0.000000000000000000e+00 0.000000000000000000e+00 0.000000000000000000e+00 0.000000000000000000e+00
0.000000000000000000e+00 0.000000000000000000e+00 0.000000000000000000e+00 0.000000000000000000e+00
0.000000000000000000e+00 0.000000000000000000e+00 0.000000000000000000e+00 nan
0.000000000000000000e+00 nan nan 0.000000000000000000e+00
0.000000000000000000e+00 nan 0.000000000000000000e+00 0.000000000000000000e+00
0.000000000000000000e+00 nan 0.000000000000000000e+00 0.000000000000000000e+00
0.000000000000000000e+00 nan 0.000000000000000000e+00 nan
nan 0.000000000000000000e+00 nan 0.000000000000000000e+00
nan 0.000000000000000000e+00 0.000000000000000000e+00 0.000000000000000000e+00
nan 0.000000000000000000e+00 0.000000000000000000e+00 0.000000000000000000e+00
nan 0.000000000000000000e+00 0.000000000000000000e+00 nan
0.000000000000000000e+00 0.000000000000000000e+00 nan 0.000000000000000000e+00
0.000000000000000000e+00 0.000000000000000000e+00 0.000000000000000000e+00 0.000000000000000000e+00
0.000000000000000000e+00 0.000000000000000000e+00 0.000000000000000000e+00 0.000000000000000000e+00
0.000000000000000000e+00 0.000000000000000000e+00 0.000000000000000000e+00 nan
0.000000000000000000e+00 0.000000000000000000e+00 nan 0.000000000000000000e+00
0.000000000000000000e+00 0.000000000000000000e+00 0.000000000000000000e+00 0.000000000000000000e+00
0.000000000000000000e+00 0.000000000000000000e+00 5.100000000000000000e+01 2.633333333333333215e+01
0.000000000000000000e+00 0.000000000000000000e+00 0.000000000000000000e+00 nan
0.000000000000000000e+00 nan nan 0.000000000000000000e+00
0.000000000000000000e+00 nan 0.000000000000000000e+00 0.000000000000000000e+00
0.000000000000000000e+00 nan 0.000000000000000000e+00 0.000000000000000000e+00
0.000000000000000000e+00 nan 0.000000000000000000e+00 nan
nan 0.000000000000000000e+00 nan 0.000000000000000000e+00
nan 0.000000000000000000e+00 0.000000000000000000e+00 0.000000000000000000e+00
nan 0.000000000000000000e+00 0.000000000000000000e+00 0.000000000000000000e+00
nan 0.000000000000000000e+00 0.000000000000000000e+00 nan
0.000000000000000000e+00 0.000000000000000000e+00 nan 0.000000000000000000e+00
0.000000000000000000e+00 0.000000000000000000e+00 0.000000000000000000e+00 0.000000000000000000e+00
0.000000000000000000e+00 0.000000000000000000e+00 0.000000000000000000e+00 0.000000000000000000e+00
0.000000000000000000e+00 0.000000000000000000e+00 0.000000000000000000e+00 nan
0.000000000000000000e+00 0.000000000000000000e+00 nan 0.000000000000000000e+00
0.000000000000000000e+00 0.000000000000000000e+00 0.000000000000000000e+00 0.000000000000000000e+00
0.000000000000000000e+00 0.000000000000000000e+00 0.000000000000000000e+00 0.000000000000000000e+00
0.000000000000000000e+00 0.000000000000000000e+00 0.000000000000000000e+00 nan
0.000000000000000000e+00 nan nan 0.000000000000000000e+00
0.000000000000000000e+00 nan 0.000000000000000000e+00 0.000000000000000000e+00
0.000000000000000000e+00 nan 0.000000000000000000e+00 0.000000000000000000e+00
0.000000000000000000e+00 nan 0.000000000000000000e+00 nan
